77 35 78 84 86 81 25 45 54 38 73 18 88 72 64 30 35 17 98 38 -1 74 46 57 -1 43 79 28 72 89 53 39 78 56 18 -1 20 20 19 58 74 12 65 46 66 30 93 41 52 86 18 93 53 56 56 24 40 36 49 50 35 53 28 -1 99 74 19 64 97 80 14 98 26 17 16 59 69 46 -1 57 25 89 28 -1 21 96 -1 63 46 88 94 81 42 89 43 90 71 79 -1 82 
67 46 12 69 93 54 65 91 49 13 60 12 42 34 13 15 80 53 81 -1 -1 56 61 56 89 -1 51 17 56 52 26 62 14 47 65 64 55 62 79 21 81 25 24 25 29 57 60 23 99 44 -1 38 25 -1 40 75 98 96 38 88 46 48 21 27 46 74 97 30 17 44 36 61 71 -1 38 35 -1 19 89 61 77 -1 99 91 93 -1 47 95 86 80 51 39 29 58 97 39 71 24 25 85 
49 89 36 30 25 91 98 24 33 -1 49 95 36 18 18 49 37 71 80 73 -1 66 78 46 49 74 -1 73 49 98 86 27 87 68 81 97 74 46 83 36 51 74 40 58 82 20 69 59 46 52 52 -1 70 69 73 -1 -1 15 22 29 51 -1 39 13 35 41 83 65 88 -1 31 40 -1 96 24 16 31 16 45 -1 71 81 50 -1 69 78 95 -1 42 45 76 95 40 23 24 -1 75 57 25 28 
81 23 -1 72 97 13 66 37 53 12 52 70 66 87 21 40 60 -1 33 19 79 82 66 45 14 -1 -1 33 73 33 43 31 19 11 82 40 11 27 68 67 57 95 37 40 26 84 34 14 38 82 -1 75 54 48 28 26 67 91 73 32 -1 -1 -1 83 80 94 58 51 70 -1 64 55 -1 20 84 44 -1 84 60 43 64 -1 97 26 22 -1 89 41 15 -1 -1 39 42 39 11 41 69 86 90 17 
65 65 72 63 19 38 83 44 88 32 15 17 67 24 94 93 25 44 81 55 -1 72 40 34 -1 81 90 79 36 78 -1 67 45 -1 77 27 69 85 51 30 15 94 95 84 68 40 16 28 77 71 49 70 60 45 82 60 -1 15 78 42 45 76 15 24 54 73 57 25 45 99 66 61 21 33 70 23 57 99 54 98 51 41 47 29 86 36 26 63 14 93 -1 74 85 43 53 45 61 92 24 16 
73 60 24 50 95 31 87 70 85 41 33 37 51 20 17 12 41 95 62 53 81 45 65 -1 -1 68 55 -1 98 77 17 43 16 29 97 90 -1 14 96 58 59 64 52 29 93 67 13 -1 24 65 42 46 75 77 58 95 70 39 92 67 85 39 61 87 83 14 26 -1 54 16 90 95 37 88 80 90 28 21 34 92 32 63 76 40 24 -1 17 19 22 -1 50 79 89 91 58 57 36 55 54 53 
67 97 67 65 91 62 68 70 54 96 83 18 13 25 99 44 78 -1 36 84 -1 35 21 89 75 89 20 73 85 79 93 24 58 66 40 34 20 21 -1 25 25 -1 81 96 73 -1 35 18 81 40 48 65 75 84 39 50 24 59 73 96 47 57 49 71 17 42 89 65 42 23 -1 40 32 28 25 -1 -1 -1 43 -1 -1 42 37 81 35 22 -1 72 38 53 76 26 80 94 89 18 84 14 74 51 
24 98 -1 33 54 72 59 86 99 -1 -1 25 80 22 18 44 82 18 38 -1 57 23 83 84 11 32 48 90 68 99 63 91 14 19 28 33 52 87 -1 42 -1 92 64 68 -1 77 26 81 71 -1 -1 20 70 24 87 68 75 77 48 39 92 76 30 20 64 46 -1 42 86 79 73 84 42 -1 54 27 56 45 29 14 34 80 56 43 91 63 99 22 13 24 -1 57 79 63 22 -1 32 -1 39 99 
91 73 63 33 52 55 83 89 73 -1 52 85 -1 67 15 36 70 82 15 50 26 65 90 32 55 13 46 19 29 99 22 -1 47 49 66 78 53 73 20 64 64 70 93 31 95 87 62 47 65 40 31 77 83 -1 -1 57 52 51 25 91 28 98 11 73 46 87 40 85 20 13 71 25 80 67 35 54 96 20 17 80 15 85 61 16 27 20 61 56 86 -1 -1 85 95 54 25 94 65 66 26 14 
27 84 97 95 57 51 19 78 69 74 80 71 42 64 68 96 -1 52 63 49 12 19 -1 64 91 78 -1 89 62 61 -1 -1 19 47 24 71 38 47 93 14 45 42 37 48 36 35 36 12 76 -1 94 75 21 78 78 23 33 -1 68 41 -1 76 83 -1 30 59 73 56 -1 11 64 -1 35 78 92 63 50 92 84 72 35 77 55 71 84 17 20 75 85 91 20 97 72 11 17 96 95 29 64 83 
67 85 19 43 33 -1 -1 35 19 56 43 87 -1 54 78 82 56 23 13 48 92 36 40 30 11 73 99 38 24 28 29 36 92 29 19 35 24 -1 32 -1 27 90 57 -1 43 47 -1 59 -1 78 15 19 61 55 55 28 89 -1 79 -1 66 63 70 98 28 39 44 64 28 43 69 -1 50 17 20 34 39 54 67 52 -1 55 54 78 84 37 55 34 71 13 54 11 97 73 31 33 -1 -1 51 17 
52 53 48 94 49 92 -1 20 18 51 -1 56 29 34 -1 13 55 85 72 51 19 99 65 42 17 34 72 19 20 88 13 46 -1 49 26 83 65 61 97 72 -1 45 65 42 56 72 27 95 94 -1 -1 92 70 95 17 99 31 55 69 52 -1 58 45 -1 33 46 64 56 95 38 38 12 -1 34 53 16 62 75 41 42 11 25 80 20 20 17 87 98 57 47 48 56 12 65 12 55 -1 26 90 60 
-1 52 20 58 15 98 75 58 65 69 31 82 78 78 69 -1 -1 50 19 12 34 56 56 96 91 54 30 46 38 50 71 97 24 34 41 71 35 12 -1 51 13 18 93 64 88 55 -1 70 86 17 77 50 -1 50 83 -1 39 63 88 73 83 39 -1 -1 21 87 54 82 -1 55 15 51 52 50 96 57 74 22 14 62 36 26 89 96 24 61 41 86 89 29 88 83 51 81 38 83 15 65 58 85 
42 83 53 17 61 37 12 89 60 65 84 96 33 67 30 -1 53 94 25 70 75 -1 70 -1 86 26 65 95 27 80 73 47 28 97 48 32 42 72 14 31 72 15 38 -1 62 95 85 49 63 -1 65 76 27 86 17 61 12 95 18 57 92 98 77 36 88 98 26 88 -1 83 67 23 67 97 -1 34 -1 23 30 63 53 37 80 -1 34 -1 59 44 34 -1 30 86 -1 39 13 59 44 84 22 45 
12 32 63 38 50 49 72 47 60 98 59 31 83 46 54 39 58 96 59 39 53 99 99 62 39 68 59 63 33 11 79 12 88 71 -1 93 84 52 54 77 62 75 30 95 91 47 64 32 71 31 57 96 -1 71 -1 36 87 -1 89 48 20 18 78 -1 73 69 -1 50 46 39 -1 57 50 -1 78 32 53 -1 20 37 11 16 74 -1 65 74 60 93 -1 81 24 37 37 13 65 97 26 90 93 71 
45 97 -1 90 18 41 -1 11 80 40 55 57 72 16 15 88 89 98 66 63 33 44 89 52 94 11 61 76 81 32 67 36 46 33 36 60 -1 11 45 -1 43 43 59 88 67 80 68 73 80 30 60 46 99 86 17 53 99 50 23 -1 97 26 16 -1 19 -1 95 81 40 64 19 26 30 59 -1 -1 88 18 27 17 95 97 42 -1 -1 87 76 77 35 95 31 22 29 82 14 62 75 -1 48 67 
66 11 -1 47 53 34 13 56 14 70 31 -1 12 59 56 59 65 12 20 90 26 15 78 50 93 96 14 -1 -1 -1 92 57 75 71 82 93 46 69 21 26 -1 11 29 38 81 66 76 62 64 93 97 18 66 43 17 56 86 88 88 -1 64 27 -1 38 65 53 89 46 95 28 30 13 99 13 68 -1 12 53 56 45 45 -1 27 42 77 94 46 84 27 56 68 36 14 85 60 60 98 48 24 79 
86 41 36 48 49 97 75 41 -1 19 52 47 75 59 20 55 98 88 -1 87 -1 62 39 29 97 30 28 97 81 12 -1 55 38 85 95 50 45 -1 59 81 47 30 -1 52 65 59 55 34 62 86 60 28 90 66 39 55 46 57 59 37 71 48 31 53 57 52 86 81 91 -1 47 41 19 89 95 72 18 70 67 59 43 98 35 58 72 86 74 49 98 35 33 57 28 15 30 99 90 81 66 20 
12 56 35 37 60 96 50 97 64 72 20 37 32 33 87 63 -1 12 35 64 91 66 94 99 48 34 15 83 71 12 15 79 -1 92 71 67 65 29 54 87 83 50 99 87 31 65 -1 41 92 32 41 66 32 24 63 71 -1 78 31 -1 90 95 11 76 -1 93 30 79 -1 85 95 68 97 26 58 -1 -1 66 94 69 45 -1 70 14 52 54 27 65 51 91 39 99 15 63 53 19 62 20 -1 60 
52 67 -1 24 16 19 37 85 13 85 82 73 57 85 91 63 15 59 42 15 80 75 91 53 20 -1 -1 -1 42 51 31 67 32 -1 93 91 93 63 34 55 -1 48 69 72 32 47 48 74 59 -1 -1 -1 56 82 79 46 79 80 76 46 42 90 21 35 16 61 71 67 -1 31 70 71 19 63 81 29 20 68 43 -1 40 91 57 14 -1 -1 70 62 -1 63 72 36 -1 91 77 76 38 91 52 50 
69 70 90 59 71 22 71 58 56 59 -1 77 14 39 19 60 34 23 -1 -1 84 -1 50 82 45 38 75 55 74 36 21 49 14 53 33 -1 50 42 30 -1 -1 98 88 49 25 20 14 35 52 46 67 -1 46 99 47 12 23 88 33 29 74 -1 84 48 -1 57 62 89 11 43 31 89 26 92 86 71 68 50 85 81 -1 71 43 54 70 -1 69 58 -1 63 72 53 63 63 97 11 81 22 90 43 
82 82 46 57 42 48 55 59 -1 16 22 50 26 37 84 27 43 39 85 26 43 74 27 -1 71 -1 22 -1 94 63 68 55 -1 15 79 92 44 40 71 86 14 43 23 85 81 87 36 22 -1 20 99 34 25 38 42 70 52 99 26 75 12 92 39 93 40 31 48 83 99 42 14 24 45 64 81 41 34 45 -1 -1 -1 96 12 60 90 57 58 22 43 77 87 -1 29 21 61 33 91 52 -1 41 
60 60 -1 88 47 64 79 77 78 16 20 -1 15 34 -1 73 21 92 16 50 18 45 -1 42 79 90 -1 80 23 51 51 18 46 42 38 44 57 17 83 20 -1 47 36 52 95 -1 26 20 55 27 86 69 63 80 44 98 51 22 54 23 70 47 84 31 89 27 29 -1 85 38 16 17 26 71 81 71 82 79 59 74 52 33 25 50 63 -1 35 57 16 61 57 58 59 52 37 77 78 82 63 70 
69 24 51 94 68 88 33 82 29 96 22 78 29 -1 -1 55 72 20 15 62 30 78 -1 47 93 57 24 57 -1 68 47 -1 -1 72 -1 73 42 85 72 93 70 72 21 49 26 -1 86 -1 79 26 14 59 24 20 70 36 43 91 34 -1 35 75 -1 71 99 74 29 95 96 37 68 -1 51 13 94 15 -1 25 33 43 58 66 -1 -1 24 -1 49 34 67 91 25 83 86 13 21 67 67 52 -1 40 
14 25 49 78 43 33 55 49 -1 93 -1 23 -1 93 37 -1 58 46 83 26 31 64 76 70 25 -1 46 77 67 94 73 48 11 32 22 59 79 -1 -1 64 79 62 70 -1 99 85 85 83 73 40 95 85 22 43 42 81 21 57 94 96 61 -1 36 19 -1 66 29 29 15 43 92 72 21 -1 28 27 79 60 97 20 73 39 99 51 26 38 15 54 67 85 12 73 -1 75 89 98 15 33 89 52 
39 17 37 22 -1 30 87 92 82 78 94 78 42 68 49 -1 -1 -1 29 18 29 34 14 91 93 35 79 61 87 76 81 60 83 57 22 -1 -1 -1 88 -1 60 92 24 45 -1 90 74 48 16 48 67 70 74 65 34 60 89 32 79 98 30 -1 -1 -1 94 91 87 46 50 -1 58 91 -1 76 82 53 79 14 57 75 29 -1 -1 52 65 85 55 -1 21 11 -1 86 75 26 92 -1 -1 98 89 82 
-1 74 67 36 28 39 34 16 60 84 95 97 -1 55 71 70 89 65 79 22 15 92 86 39 -1 96 73 78 67 19 40 97 -1 -1 -1 57 65 67 -1 67 -1 93 78 76 32 -1 67 99 21 94 73 59 -1 34 12 12 59 67 49 66 85 75 53 57 61 97 21 78 72 53 82 82 46 64 49 20 73 52 73 18 55 82 30 24 65 -1 98 97 38 59 43 60 90 95 33 51 79 20 62 57 
11 80 55 86 67 12 38 76 46 40 53 21 80 91 98 14 27 83 35 33 25 -1 65 77 -1 28 68 -1 77 25 49 29 39 41 32 28 12 43 91 89 40 63 64 25 75 26 25 53 49 11 97 73 43 45 53 68 40 22 72 -1 89 46 34 22 56 93 -1 92 96 45 82 14 30 39 94 62 47 50 94 81 53 82 69 46 48 29 52 56 29 36 93 76 35 78 82 24 36 60 96 19 
45 28 36 45 14 11 -1 75 92 87 15 62 91 17 15 28 52 12 -1 15 36 13 49 46 -1 94 37 41 13 23 37 65 74 27 37 45 49 86 27 32 81 60 26 40 81 51 17 65 93 49 -1 58 45 93 13 67 34 78 81 75 47 23 16 35 31 76 83 72 71 45 68 12 80 49 32 65 81 51 25 38 41 -1 61 -1 -1 93 42 21 32 81 96 91 17 -1 38 74 -1 20 99 26 
-1 18 98 -1 97 88 35 37 86 89 -1 41 36 97 58 28 40 20 21 22 47 80 91 89 44 18 58 73 90 77 69 16 24 92 47 15 59 31 80 95 46 63 17 78 32 50 56 -1 45 49 77 86 44 27 14 46 78 15 24 27 34 17 18 50 25 82 -1 89 72 18 32 88 56 14 11 89 74 55 60 -1 56 45 89 49 18 99 40 74 17 12 89 57 59 70 23 47 45 45 80 95 
-1 44 15 13 26 53 -1 94 52 91 71 67 35 45 38 -1 72 31 43 20 84 38 41 63 69 59 34 92 48 98 72 35 61 61 86 69 50 -1 47 75 18 28 89 33 72 67 84 12 95 39 63 26 19 66 64 63 15 68 15 23 65 12 57 -1 -1 41 76 21 50 24 12 88 54 32 -1 78 95 33 43 67 60 -1 94 90 63 77 29 77 65 61 61 61 31 81 57 51 97 53 27 66 
71 52 17 48 27 82 96 60 -1 99 -1 -1 57 28 89 96 94 51 82 53 68 -1 38 75 60 29 66 -1 92 72 74 80 44 -1 16 -1 48 68 11 30 58 51 52 88 91 48 42 78 -1 88 56 84 80 32 17 -1 11 17 13 13 79 64 95 62 50 65 96 20 -1 96 64 78 98 26 15 75 -1 20 11 -1 -1 99 92 64 95 67 12 55 98 99 82 41 69 70 27 94 61 33 18 29 
56 22 34 65 16 47 20 -1 54 97 -1 -1 38 48 15 47 16 -1 44 87 71 93 51 62 83 58 35 50 31 46 92 24 28 61 81 49 38 11 52 99 90 49 79 44 97 25 84 60 11 78 38 91 -1 23 87 90 66 92 87 48 -1 90 48 52 92 67 30 -1 66 78 90 38 58 71 45 60 98 92 64 28 87 86 -1 80 93 42 62 60 70 82 68 11 73 73 84 18 33 27 51 98 
61 85 68 90 73 -1 49 33 98 50 64 22 24 -1 95 43 76 41 36 30 86 39 14 38 15 73 68 29 77 87 68 15 99 12 -1 55 32 96 41 63 85 70 37 30 64 16 83 77 82 64 39 53 39 14 65 48 23 32 36 -1 33 49 18 58 29 98 -1 57 46 29 18 97 36 27 -1 43 15 15 15 16 60 46 33 31 53 90 94 54 23 72 14 75 63 40 73 76 17 48 -1 60 
81 56 30 93 72 33 12 27 97 66 -1 63 38 31 -1 99 34 28 84 23 14 82 56 22 89 75 71 88 49 55 74 94 79 41 78 96 92 42 43 75 38 15 47 36 97 29 76 39 27 85 28 58 95 12 95 28 37 67 44 88 47 46 37 99 -1 66 11 71 94 65 38 27 -1 61 60 33 16 49 12 21 80 82 15 38 41 32 42 15 68 74 -1 13 -1 15 -1 99 17 48 49 87 
88 58 91 65 79 57 81 18 28 82 71 97 -1 36 11 52 21 62 19 16 70 35 96 86 98 72 86 33 43 -1 92 26 86 20 78 71 78 43 73 58 -1 87 50 30 31 73 -1 27 -1 86 84 92 -1 94 61 55 70 83 81 55 77 92 93 74 -1 78 -1 43 55 53 98 89 34 -1 -1 42 63 37 96 61 88 32 20 73 95 66 66 80 71 99 60 74 39 27 37 95 40 23 60 96 
-1 87 75 17 38 39 17 59 70 43 86 80 93 57 45 95 20 49 22 36 82 33 72 12 43 -1 90 11 86 63 68 85 62 77 79 31 -1 75 56 34 58 43 59 79 -1 45 80 29 74 87 96 84 59 21 18 79 67 50 66 61 29 89 17 76 89 67 14 27 71 12 95 96 60 87 66 -1 69 48 -1 44 53 -1 13 46 35 96 68 29 98 82 -1 70 78 80 84 75 45 56 94 64 
33 53 38 30 18 72 33 35 -1 38 62 68 -1 22 84 94 57 93 70 39 54 62 49 17 80 14 16 56 41 53 89 -1 16 20 96 25 42 -1 15 91 86 77 -1 34 83 62 33 61 98 35 62 18 77 94 14 24 48 85 94 68 59 70 80 48 82 72 34 25 49 14 73 13 39 63 13 79 -1 -1 36 79 55 16 91 66 41 60 -1 20 -1 11 15 -1 91 91 28 81 56 61 92 27 
-1 58 42 95 -1 35 90 70 42 79 56 40 37 60 -1 73 39 31 55 65 63 -1 67 70 58 48 62 73 97 11 77 11 37 14 11 34 66 79 95 67 11 96 -1 61 35 47 -1 91 61 58 84 23 45 41 -1 53 90 77 -1 59 53 73 73 48 34 51 93 92 74 68 41 21 78 76 82 38 98 35 41 12 44 74 24 95 73 69 52 42 41 88 36 15 44 62 93 82 34 86 79 65 
-1 45 61 74 59 15 62 80 22 60 20 57 55 36 43 51 69 30 74 93 42 92 -1 63 56 13 12 47 -1 85 49 -1 39 54 62 14 40 72 16 71 86 -1 79 45 80 -1 63 47 43 48 37 43 71 60 38 -1 78 70 60 14 20 45 31 14 50 78 92 89 52 69 16 -1 47 27 62 84 71 55 86 15 80 78 51 40 61 35 91 96 86 33 11 -1 22 -1 -1 29 -1 65 64 93 
11 93 31 33 88 99 80 94 43 50 48 39 47 86 49 28 13 81 29 -1 48 90 31 46 57 66 49 57 55 30 94 98 65 15 31 49 -1 -1 88 16 79 42 84 87 18 25 27 26 37 53 81 47 40 62 89 73 57 65 47 18 57 68 60 21 57 15 73 92 67 42 90 12 36 93 55 16 83 87 81 -1 78 82 31 20 -1 -1 63 -1 12 -1 59 91 28 46 30 65 30 21 64 32 
-1 66 33 49 12 44 70 27 88 86 95 58 -1 23 63 96 -1 65 75 -1 77 42 39 91 43 66 50 99 26 -1 76 73 -1 85 33 -1 75 63 19 65 51 77 22 82 62 -1 -1 72 22 13 85 89 94 23 58 82 71 22 28 55 53 26 49 82 32 38 68 37 79 51 12 69 53 -1 28 98 46 59 -1 13 51 50 83 45 74 95 -1 28 47 64 41 15 99 98 43 92 22 50 19 39 
84 58 56 57 18 67 13 77 89 77 53 22 89 39 33 74 56 34 11 57 39 24 26 40 -1 -1 91 68 49 -1 29 67 94 31 56 71 60 77 35 45 52 47 70 24 98 62 75 21 36 40 65 91 59 62 70 78 82 60 80 81 62 35 98 78 44 30 32 56 38 26 67 63 18 71 12 51 28 43 59 98 -1 75 77 40 -1 37 47 92 56 86 49 86 51 18 97 98 27 27 13 90 
69 94 -1 96 85 31 30 50 30 -1 35 87 64 68 -1 84 23 77 32 28 97 48 64 28 82 30 20 87 61 42 18 -1 83 21 42 59 76 61 -1 16 84 -1 91 62 52 46 62 23 95 65 -1 22 23 96 90 49 80 88 81 62 52 94 37 79 19 64 94 13 86 69 24 39 -1 55 65 91 15 15 11 15 57 53 86 93 34 83 27 78 -1 43 -1 53 68 48 12 54 97 36 -1 34 
72 39 72 58 38 34 49 67 96 79 84 19 42 -1 35 45 37 35 52 86 29 46 73 86 46 -1 28 16 85 77 96 94 26 78 82 96 85 93 34 17 64 50 37 93 47 59 90 -1 -1 18 62 23 -1 96 -1 88 45 19 88 89 98 -1 34 53 78 99 77 34 -1 45 55 -1 29 19 96 88 46 71 95 71 81 28 90 66 18 83 -1 62 97 96 17 35 61 39 -1 27 79 66 55 48 
44 86 35 39 12 54 33 72 18 63 51 17 92 40 -1 87 18 37 72 94 67 40 23 29 93 14 24 96 64 65 26 98 22 55 94 93 95 94 47 61 58 -1 63 42 87 16 35 71 64 28 32 85 44 78 47 -1 79 78 73 12 27 62 51 48 84 71 42 37 25 11 26 96 59 74 75 86 66 -1 60 89 59 21 99 24 28 28 65 84 41 91 93 62 56 -1 91 71 53 46 27 17 
16 51 76 30 36 72 59 93 -1 36 47 28 15 -1 40 66 59 15 96 63 34 30 63 57 39 58 49 15 18 93 98 48 42 87 82 -1 90 59 57 86 95 77 74 83 16 98 63 43 95 41 85 17 29 70 54 28 35 -1 86 -1 25 61 -1 69 44 17 -1 86 -1 17 66 66 52 19 30 37 25 65 99 77 32 25 44 93 66 19 45 91 67 51 91 98 81 -1 72 84 65 82 64 58 
46 93 11 64 19 66 83 69 90 54 13 -1 62 75 57 66 89 -1 -1 68 -1 26 33 66 19 76 21 15 30 63 51 69 77 47 48 -1 45 -1 -1 58 75 96 11 65 88 37 67 70 63 39 22 66 23 45 74 47 28 -1 96 18 37 96 64 98 72 25 11 91 79 19 58 73 34 97 -1 78 -1 19 91 -1 55 46 79 21 24 55 46 51 95 79 74 55 56 37 -1 65 93 45 56 26 
98 -1 28 25 -1 -1 78 48 34 -1 23 -1 85 -1 47 77 49 47 22 59 42 -1 18 72 -1 62 31 76 81 79 39 12 15 83 92 44 68 31 77 20 53 -1 73 64 55 47 51 95 -1 46 89 40 75 91 57 38 15 94 93 68 49 54 54 24 21 -1 85 79 38 43 82 41 24 40 13 79 80 94 -1 93 -1 80 17 29 54 25 61 67 16 75 64 39 -1 80 90 32 94 75 49 26 
80 28 18 29 -1 39 52 56 14 59 22 73 90 61 61 55 55 20 68 36 78 34 -1 15 71 48 90 -1 74 93 70 15 55 83 71 86 65 64 20 31 57 63 99 84 78 52 -1 61 -1 20 50 81 25 52 87 86 61 60 37 99 21 36 76 16 64 41 99 84 60 96 91 29 94 28 91 74 49 81 70 51 48 98 70 98 34 89 -1 68 -1 43 21 47 60 80 75 38 80 24 29 49 
28 26 -1 -1 -1 85 58 42 64 15 78 19 14 27 55 61 -1 61 89 51 27 97 29 11 -1 83 86 -1 25 22 54 50 93 89 34 51 42 77 73 39 97 -1 36 14 74 97 14 87 -1 71 67 49 14 -1 11 22 -1 50 56 94 49 81 64 75 -1 94 18 43 28 60 20 83 29 19 74 46 69 17 89 14 64 97 28 26 77 69 64 64 89 76 99 -1 86 73 52 -1 83 72 23 37 
59 15 24 15 64 38 83 92 70 -1 96 -1 70 14 57 23 20 85 24 79 78 -1 25 76 -1 37 36 52 97 41 -1 97 20 55 99 82 -1 51 53 -1 40 55 73 97 27 35 84 96 67 19 21 44 82 -1 61 38 -1 27 17 99 97 99 90 85 15 -1 80 33 -1 17 -1 82 21 79 79 36 44 42 50 -1 77 54 67 88 19 67 87 92 59 83 52 21 67 40 -1 68 88 26 24 77 
45 99 50 -1 43 -1 73 -1 87 99 18 99 74 32 14 88 90 86 19 63 44 85 60 80 96 86 25 -1 71 82 38 63 85 91 48 57 30 88 52 56 75 72 18 65 82 76 57 30 70 99 28 33 62 32 62 52 92 98 22 90 65 92 85 25 83 91 84 26 73 -1 21 34 77 34 78 74 98 36 75 85 49 49 98 50 71 75 -1 -1 -1 46 65 66 91 64 74 18 16 57 55 -1 
64 34 30 85 -1 25 30 69 34 -1 33 74 88 29 86 14 33 46 52 23 77 -1 99 -1 75 57 57 97 88 43 78 31 95 -1 34 95 67 92 60 63 93 52 23 26 -1 62 19 33 61 41 56 24 42 20 49 26 23 -1 99 69 68 29 20 -1 18 44 74 75 -1 62 -1 61 85 82 54 63 32 14 82 76 23 11 99 39 19 95 28 89 25 -1 90 85 16 55 46 49 18 29 35 46 
22 80 65 -1 21 62 11 46 91 71 73 42 64 54 18 13 27 25 74 97 32 25 63 27 42 92 44 20 35 -1 80 50 -1 86 16 38 80 24 19 49 -1 94 71 64 12 -1 95 -1 -1 50 38 58 42 11 46 62 33 56 65 28 93 30 63 91 90 53 57 16 52 -1 23 38 65 72 34 16 96 60 40 65 58 -1 96 21 20 52 95 72 34 22 90 87 -1 14 69 61 96 17 52 95 
76 75 26 83 12 88 56 51 63 90 65 52 83 99 31 91 79 87 21 89 25 19 59 90 59 16 57 77 17 26 43 61 91 88 82 70 94 11 62 50 43 31 82 19 31 94 -1 80 13 23 11 29 37 35 54 68 70 84 64 75 58 38 58 23 48 46 96 58 45 59 38 78 64 82 23 96 49 55 14 60 42 99 57 94 93 70 33 51 26 17 78 15 47 13 42 83 56 59 47 48 
52 41 31 -1 81 37 50 52 21 15 12 -1 30 -1 97 76 79 78 38 79 21 -1 49 -1 57 -1 -1 99 54 76 29 59 45 13 44 69 -1 -1 41 83 52 24 60 20 62 66 40 70 58 49 31 53 32 20 11 53 88 12 74 52 39 25 51 67 42 90 73 50 31 66 33 30 47 72 74 32 29 38 77 52 76 24 58 73 82 35 66 -1 95 85 69 47 23 51 -1 48 74 41 -1 -1 
30 58 76 48 66 43 32 13 46 89 59 19 33 86 34 85 21 34 21 80 64 32 95 59 40 12 91 -1 80 57 -1 94 91 75 26 46 80 -1 97 67 28 14 87 78 -1 80 53 61 16 78 -1 19 71 97 37 58 81 14 87 87 21 -1 40 42 21 67 61 23 31 45 35 11 81 12 75 58 63 40 98 51 52 84 -1 18 94 18 45 26 -1 82 -1 29 83 98 77 11 45 98 -1 66 
-1 64 51 20 47 31 58 42 94 59 29 13 57 73 61 18 60 -1 76 25 37 76 90 63 -1 64 31 -1 79 80 15 62 87 40 41 96 79 66 79 71 -1 12 22 68 74 -1 28 20 90 91 65 44 29 20 13 74 12 29 28 -1 26 52 73 42 93 82 -1 71 71 80 21 94 33 20 21 95 52 -1 72 58 54 32 53 -1 88 -1 45 88 72 86 76 74 81 92 67 49 -1 32 89 -1 
58 29 89 15 70 61 75 16 61 92 23 65 33 79 49 38 58 41 34 89 56 67 34 52 12 48 40 70 67 71 37 59 70 97 22 58 36 16 12 40 63 85 -1 82 27 59 62 89 -1 53 60 32 13 96 73 70 20 25 17 29 29 36 34 33 94 91 -1 56 22 56 94 52 71 89 88 63 30 91 91 12 32 83 45 13 84 92 12 58 21 20 12 78 15 29 60 24 53 28 16 -1 
32 82 56 54 56 90 72 23 14 29 -1 51 -1 -1 80 -1 97 75 43 -1 49 82 18 13 14 -1 45 -1 -1 67 60 62 68 53 84 93 81 67 42 63 -1 40 15 -1 67 23 34 -1 37 25 41 18 18 71 32 17 41 44 27 79 16 -1 80 40 -1 59 24 15 11 96 16 58 65 71 47 87 46 66 42 59 58 27 35 82 76 -1 25 50 94 23 41 38 -1 18 19 14 60 20 87 92 
26 45 75 59 51 58 22 18 18 33 57 88 73 49 72 46 58 38 25 -1 51 26 72 66 73 52 75 13 93 60 -1 -1 64 44 91 87 63 43 19 53 14 45 24 26 26 47 87 67 12 68 79 98 70 -1 67 75 20 53 73 18 95 -1 36 39 95 45 30 32 14 33 59 71 99 38 89 65 71 14 66 23 23 20 29 44 -1 87 36 -1 19 44 48 17 67 29 46 50 -1 36 58 92 
57 93 77 79 18 31 96 -1 79 87 33 52 16 72 14 98 50 54 26 12 51 55 -1 98 29 75 92 91 87 60 57 61 49 59 44 -1 29 34 56 53 84 47 68 45 26 25 16 91 95 46 36 -1 62 29 80 94 16 32 16 16 99 12 -1 -1 -1 25 27 95 63 72 92 72 40 30 95 95 59 50 24 28 71 32 37 77 40 92 51 77 18 20 80 89 44 18 89 55 -1 85 89 28 
17 89 -1 96 95 77 13 -1 61 72 35 56 74 60 12 91 -1 71 19 53 87 83 73 76 47 74 32 11 -1 96 58 93 71 79 15 23 67 55 97 53 27 93 81 37 17 24 -1 64 59 41 60 50 75 30 87 68 75 24 28 85 99 64 65 80 94 87 49 82 96 62 22 84 53 36 27 39 -1 11 18 52 86 65 19 88 81 13 26 45 99 23 12 68 64 54 63 38 -1 62 74 46 
-1 40 37 67 37 69 20 57 52 78 72 34 90 61 74 27 99 80 43 75 32 16 38 87 76 44 92 61 90 97 87 23 45 31 19 -1 78 81 95 38 14 23 11 57 81 -1 52 62 11 47 12 37 82 71 88 21 43 15 96 36 98 38 81 25 78 51 53 58 86 89 94 20 68 22 72 25 67 52 71 33 42 43 98 70 73 14 -1 -1 99 94 56 35 74 71 21 93 17 85 42 66 
-1 67 -1 -1 35 17 71 71 21 22 -1 39 31 35 97 -1 -1 92 90 92 28 25 43 68 44 88 14 35 42 61 27 31 36 90 27 53 53 14 12 78 19 19 19 39 72 26 59 13 -1 81 -1 91 83 19 12 19 89 22 19 31 30 82 28 65 50 26 13 67 83 48 79 17 43 58 61 82 -1 95 81 48 21 68 51 -1 42 48 56 41 78 58 65 96 72 23 41 13 47 46 31 93 
35 23 91 69 16 95 93 42 -1 99 73 54 83 65 21 22 -1 11 38 61 49 54 56 65 18 84 14 93 26 47 38 12 24 92 -1 -1 79 91 22 19 94 19 63 38 31 98 36 15 29 90 43 52 91 64 82 -1 -1 45 65 81 24 80 -1 94 19 35 48 71 69 30 93 -1 98 74 14 67 58 13 37 80 92 16 41 88 48 48 58 40 -1 -1 86 61 61 37 59 62 58 37 -1 -1 
99 75 25 -1 84 39 83 -1 -1 78 59 66 36 58 94 88 12 36 97 59 82 99 -1 -1 16 11 11 82 17 42 15 -1 90 63 66 40 44 72 90 89 57 56 67 12 69 55 88 94 -1 -1 18 98 60 -1 22 24 16 57 -1 21 17 69 77 12 21 18 81 28 90 95 43 26 -1 34 48 32 22 44 71 73 22 85 84 14 82 54 72 21 33 77 40 24 -1 12 69 17 41 51 96 11 
53 78 -1 18 95 20 92 81 37 71 -1 30 86 81 62 27 75 13 79 40 51 17 32 98 20 15 -1 42 20 48 77 38 94 51 95 16 -1 42 63 87 82 99 57 35 93 68 42 -1 35 93 41 86 86 19 52 96 91 93 53 56 13 97 -1 18 -1 37 85 71 89 19 33 20 82 84 57 -1 85 53 75 20 93 80 86 72 18 80 53 -1 23 23 -1 70 81 63 87 96 91 99 57 25 
-1 21 62 78 68 81 31 -1 73 71 59 32 67 26 74 50 80 19 26 18 37 47 24 56 66 25 26 90 58 32 42 62 79 72 69 -1 56 87 26 59 27 54 86 41 75 60 69 31 27 42 -1 21 79 20 36 63 92 47 52 47 53 37 87 18 69 38 11 77 34 -1 74 34 69 38 -1 -1 13 -1 60 97 86 55 82 82 94 73 77 17 -1 48 59 90 91 59 38 30 -1 76 95 33 
92 13 -1 85 38 66 63 16 68 54 84 78 35 15 73 97 96 71 12 71 -1 82 93 90 52 49 54 38 33 27 21 18 82 -1 -1 -1 85 28 44 93 82 50 25 65 75 82 95 89 90 61 94 53 89 51 45 92 62 39 28 65 76 32 73 -1 43 74 27 75 38 96 71 58 74 12 91 21 15 25 31 96 -1 20 58 32 82 -1 62 67 62 49 -1 -1 25 -1 60 37 -1 47 61 31 
56 20 74 32 46 68 76 58 99 75 45 -1 73 43 77 37 80 76 66 26 19 66 96 70 83 47 69 37 69 32 67 -1 56 76 26 69 25 -1 -1 -1 13 70 77 43 44 27 90 66 74 88 -1 64 18 89 62 15 13 82 80 47 85 -1 -1 69 78 59 52 39 25 64 17 -1 67 36 27 17 61 -1 41 99 65 37 20 74 37 79 -1 24 90 50 75 -1 15 98 69 63 80 66 -1 14 
23 84 -1 87 42 39 65 70 18 83 85 12 76 23 21 26 82 32 43 52 -1 33 17 38 86 -1 82 27 -1 69 46 -1 40 -1 64 -1 33 26 75 -1 40 79 48 30 71 53 -1 97 72 97 31 -1 72 18 73 49 53 47 72 74 -1 28 -1 17 -1 67 94 82 38 94 76 98 -1 90 60 62 39 85 59 70 18 -1 55 25 63 64 76 41 28 29 24 60 87 79 -1 65 66 95 19 11 
-1 14 85 65 61 96 35 79 28 74 50 31 23 43 99 81 83 95 36 73 78 29 26 67 90 52 -1 20 90 86 55 81 23 14 95 76 95 -1 85 65 78 95 -1 -1 80 88 81 38 92 83 30 -1 32 49 86 57 36 58 62 92 63 77 47 43 34 21 14 86 62 -1 19 51 -1 72 37 75 75 84 43 68 30 87 -1 61 56 66 37 36 15 41 -1 30 68 57 80 48 51 -1 31 14 
-1 28 19 30 12 -1 25 56 85 58 51 13 62 -1 19 17 81 26 14 21 71 34 97 52 62 87 25 36 23 38 84 47 82 42 -1 41 42 90 19 93 46 93 44 75 33 41 17 45 91 73 42 26 79 18 88 92 62 25 28 75 67 53 -1 55 64 81 96 -1 61 21 36 18 67 -1 70 88 38 15 76 62 99 93 98 90 91 91 17 12 42 50 58 63 34 30 70 14 41 17 60 -1 
49 72 33 61 42 16 32 99 58 38 14 66 27 99 64 16 56 59 29 92 35 22 51 91 96 33 52 52 58 43 21 23 19 46 42 34 85 11 61 -1 23 65 89 33 96 96 65 23 38 73 52 97 54 62 48 76 82 98 16 71 78 56 73 89 76 45 60 89 64 -1 55 58 35 73 72 78 -1 15 96 -1 30 39 49 46 39 -1 88 16 74 96 53 62 81 79 52 68 -1 46 29 89 
-1 -1 64 66 83 62 96 56 17 47 13 15 65 82 15 46 -1 89 -1 60 69 42 82 59 88 14 92 -1 -1 21 51 67 94 33 69 30 96 87 66 39 75 17 -1 30 37 21 52 64 92 12 44 57 17 68 37 29 20 73 27 51 21 -1 64 36 96 36 -1 38 -1 -1 -1 20 44 -1 58 19 38 65 76 56 64 74 20 -1 -1 11 -1 51 24 60 81 67 78 23 -1 41 38 60 86 34 
92 45 56 -1 14 96 30 20 69 29 21 79 35 27 -1 32 57 98 54 38 56 97 39 83 49 57 -1 32 68 91 61 -1 80 25 29 14 97 61 60 19 77 -1 48 52 50 94 -1 38 22 87 73 98 17 39 16 37 48 50 71 82 -1 26 14 26 74 -1 36 43 86 89 82 76 58 76 53 47 53 83 24 44 62 80 -1 18 39 73 64 25 47 57 48 82 56 99 44 -1 24 -1 82 31 
59 86 19 64 -1 28 83 99 72 34 31 93 -1 80 -1 91 23 13 89 17 53 64 74 88 12 82 40 -1 94 62 76 74 18 87 51 70 87 -1 19 19 34 98 94 63 35 60 40 23 73 32 35 21 54 13 88 74 97 51 94 47 56 94 50 31 -1 38 51 -1 45 59 55 51 26 39 76 68 56 -1 13 72 32 78 84 94 73 32 -1 29 51 12 91 14 57 47 16 79 43 65 67 81 
23 13 42 94 51 64 26 -1 90 88 74 45 24 46 -1 13 96 24 35 27 72 55 -1 46 -1 60 45 16 20 -1 72 32 36 37 32 35 40 60 29 46 33 32 23 40 28 25 56 70 62 53 87 43 50 84 -1 76 38 17 63 56 22 26 45 -1 29 85 -1 12 31 36 62 45 35 26 58 95 40 15 11 39 84 24 62 -1 73 91 68 82 61 15 63 65 97 33 26 71 -1 94 31 99 
83 80 37 62 59 93 99 -1 66 35 38 63 -1 -1 96 83 23 38 93 34 29 -1 43 94 91 73 57 24 72 80 22 47 47 22 18 29 99 57 11 49 37 88 43 83 30 57 61 61 38 77 17 90 60 62 18 -1 87 11 65 36 79 27 -1 89 66 22 -1 51 42 15 54 21 35 88 58 34 35 64 54 86 -1 50 50 26 36 -1 12 42 91 77 56 81 76 59 61 14 97 52 81 28 
78 16 25 29 71 45 58 31 39 23 37 63 95 40 46 90 76 45 82 89 88 86 78 73 20 65 85 33 94 92 35 80 25 42 -1 46 66 84 -1 91 93 96 -1 87 97 61 -1 97 -1 -1 43 28 68 95 49 92 62 97 77 74 18 23 65 52 85 28 41 34 30 59 78 32 62 96 83 33 87 97 -1 13 93 54 20 85 72 66 80 25 18 30 63 72 70 60 63 68 83 90 26 54 
60 -1 44 70 42 25 36 45 33 -1 31 64 97 -1 47 53 30 -1 21 81 76 49 79 80 16 44 -1 -1 11 -1 56 30 74 20 88 90 -1 70 99 92 46 -1 38 31 98 75 48 81 48 72 52 70 58 78 24 54 39 79 93 62 -1 73 46 24 33 24 64 34 16 29 16 62 93 25 97 40 47 28 57 73 64 23 71 46 90 -1 14 70 74 99 47 60 11 75 35 95 89 39 56 47 
95 14 80 80 94 76 37 62 36 37 32 15 65 73 66 19 51 87 14 80 14 90 84 19 18 79 67 36 46 13 -1 50 38 55 81 31 93 50 70 74 68 54 38 52 25 12 92 62 64 94 71 91 13 88 16 54 39 12 93 79 53 13 64 17 44 89 18 51 33 78 38 85 95 98 64 89 37 64 -1 21 87 76 35 48 56 79 98 19 -1 75 11 45 77 67 41 69 77 66 81 65 
89 22 76 73 57 30 88 66 34 79 -1 71 27 56 76 31 61 57 40 14 -1 23 45 58 92 97 85 34 67 -1 -1 82 61 72 25 -1 38 61 19 91 -1 75 18 56 16 32 64 46 21 92 79 95 28 89 74 -1 76 20 91 39 34 47 52 44 90 14 45 97 36 32 82 75 -1 71 45 80 20 27 76 76 84 -1 82 51 -1 82 24 -1 24 48 51 -1 79 82 70 11 25 67 29 87 
-1 38 -1 44 -1 19 53 -1 52 32 72 -1 61 -1 49 41 -1 79 66 73 42 70 74 21 93 19 92 -1 70 58 37 68 54 18 72 37 12 84 22 60 95 -1 68 34 42 -1 86 62 77 34 -1 81 77 -1 14 24 17 99 52 84 60 32 15 84 91 86 92 35 24 23 58 26 82 53 -1 53 24 15 19 -1 45 72 16 25 48 31 65 82 63 35 43 87 30 11 84 49 40 12 35 52 
88 40 -1 -1 49 84 19 -1 35 67 42 86 89 61 70 59 58 22 82 48 23 71 46 26 74 -1 48 23 93 12 71 14 13 63 97 66 11 98 63 86 20 24 41 -1 88 -1 29 96 19 78 18 52 69 51 -1 48 26 -1 93 45 93 45 -1 13 67 45 -1 -1 88 40 48 39 49 70 93 97 74 13 49 64 52 47 37 75 39 48 31 22 27 -1 79 -1 60 24 44 48 88 90 65 94 
54 47 91 20 59 46 53 94 90 83 85 57 21 86 78 25 39 21 90 89 74 47 15 12 78 -1 65 90 87 -1 25 20 70 -1 68 75 82 31 79 24 95 92 26 51 74 -1 51 -1 82 59 48 81 76 53 32 78 -1 26 26 95 64 74 29 78 -1 82 19 49 68 38 45 85 11 -1 84 35 63 48 79 80 26 13 25 43 58 94 -1 77 -1 95 75 39 98 46 14 98 36 59 36 -1 
75 66 -1 18 20 66 85 31 31 83 93 -1 80 92 29 -1 45 33 54 69 12 16 21 19 13 65 82 66 15 35 46 40 72 46 71 86 90 88 70 71 45 66 42 -1 -1 72 84 -1 43 15 65 63 55 88 -1 57 30 86 42 51 50 50 28 93 70 54 22 76 -1 96 97 57 66 99 81 14 96 45 98 50 85 56 36 40 98 26 63 13 25 57 24 55 65 52 24 78 22 -1 48 83 
76 39 15 65 12 26 41 71 38 30 87 61 96 13 57 -1 62 66 72 29 22 11 91 -1 60 31 -1 78 -1 66 60 27 80 55 14 -1 99 25 15 41 49 13 26 51 32 -1 -1 48 13 25 22 64 85 76 36 84 60 23 49 44 -1 44 39 43 27 27 38 32 65 20 58 39 97 45 12 26 88 20 56 55 27 57 92 32 16 75 96 33 62 22 99 49 85 90 66 60 40 19 -1 11 
76 80 83 -1 37 71 -1 43 71 58 38 55 87 26 18 26 17 26 36 59 96 48 70 20 88 39 30 29 43 -1 18 60 72 19 14 43 98 89 73 23 61 41 95 25 54 25 83 43 83 94 69 56 16 -1 86 25 43 69 68 48 69 99 13 51 81 47 -1 54 64 48 18 -1 84 21 38 20 22 97 68 43 45 99 85 26 56 -1 83 18 27 88 44 14 46 52 75 49 38 99 11 71 
56 21 38 34 89 22 84 39 32 52 35 57 43 -1 34 32 39 94 31 95 60 -1 81 94 59 24 64 96 31 84 42 75 40 42 54 27 12 33 39 83 22 15 -1 25 16 59 62 38 42 82 18 46 93 15 54 70 86 46 27 77 17 99 22 98 98 93 59 68 16 63 84 39 93 64 53 58 29 76 40 66 48 73 -1 -1 -1 65 -1 26 59 76 93 93 62 77 27 -1 70 28 77 47 
91 42 80 44 79 -1 62 75 30 19 95 51 68 89 63 81 66 21 72 12 -1 50 33 16 53 60 28 93 -1 -1 75 23 52 23 49 39 78 54 54 -1 54 80 82 58 23 44 84 37 64 38 74 52 92 94 33 52 41 88 32 63 15 37 49 15 77 49 66 59 39 11 44 -1 19 47 52 97 11 18 27 87 15 57 42 -1 -1 87 88 14 69 61 18 72 63 36 92 55 40 71 24 30 
40 43 66 26 30 11 85 11 -1 66 39 45 58 73 91 19 91 -1 41 54 11 77 46 51 55 23 -1 99 40 -1 50 72 22 86 -1 48 -1 79 43 20 13 45 87 31 45 29 98 87 48 56 40 79 26 18 -1 16 -1 82 81 74 66 68 88 -1 35 11 12 88 30 78 19 76 76 21 34 47 92 54 93 -1 25 15 36 56 20 -1 18 81 20 94 51 21 75 42 37 76 89 40 96 66 
87 46 85 68 75 75 65 74 37 34 71 63 61 -1 45 45 78 98 40 54 82 27 45 49 60 13 43 -1 61 25 85 53 88 87 75 42 81 50 98 21 -1 31 55 -1 98 69 45 62 21 86 17 67 -1 21 70 57 73 -1 64 60 36 28 29 90 12 29 15 88 53 68 67 11 20 60 27 23 44 84 14 -1 27 86 41 32 31 94 84 57 56 77 18 27 92 81 71 89 33 91 40 26 
24 27 47 37 89 53 58 69 64 11 47 -1 37 28 -1 81 -1 45 38 74 62 94 23 17 79 18 68 17 61 46 23 56 90 30 93 18 39 15 99 48 15 64 52 57 -1 -1 73 -1 27 79 18 52 31 37 51 40 55 66 26 23 50 67 95 40 82 51 63 31 75 95 57 33 37 46 89 -1 76 43 85 84 -1 76 91 28 38 66 64 -1 78 60 26 21 -1 39 24 90 20 25 60 62 
37 69 75 70 91 25 28 96 -1 -1 30 12 12 39 50 91 83 25 83 82 -1 -1 99 -1 80 24 57 48 20 26 25 42 45 77 69 21 13 55 29 41 52 14 12 24 75 47 74 57 62 15 75 99 16 82 30 -1 20 40 95 17 64 28 24 89 95 52 -1 45 17 -1 94 79 19 93 63 33 32 19 83 34 52 90 67 -1 76 95 90 20 24 81 61 14 55 18 37 25 60 98 -1 36 
45 17 -1 97 -1 26 48 -1 45 42 -1 95 12 67 -1 11 46 -1 77 11 74 58 72 54 83 42 19 84 71 76 21 66 -1 35 23 81 20 -1 43 75 53 75 54 73 65 71 98 37 81 51 35 17 16 70 90 48 73 52 34 85 58 75 62 37 84 -1 -1 24 84 61 30 99 97 34 47 -1 67 50 23 53 60 25 59 83 45 47 67 50 58 17 56 49 62 16 35 69 24 29 34 91 
97 98 72 45 70 94 39 20 25 92 34 70 31 59 19 88 58 15 58 24 -1 46 31 25 61 55 18 -1 62 15 80 45 22 31 76 81 85 66 88 31 36 -1 -1 60 11 37 52 94 -1 48 79 65 86 66 75 31 38 43 -1 14 20 58 -1 68 57 92 36 41 23 97 44 83 72 66 60 11 74 26 -1 40 22 32 32 -1 82 29 79 -1 73 12 81 74 42 99 99 96 -1 82 25 50 
23 37 35 29 -1 94 62 21 32 21 65 28 87 48 39 14 91 95 97 19 51 96 -1 24 85 95 59 38 12 -1 -1 21 98 -1 36 52 67 85 95 56 45 50 -1 -1 88 63 88 29 36 24 14 90 48 38 94 83 -1 74 15 96 92 84 78 -1 91 95 72 38 44 60 34 85 66 39 81 25 30 31 25 23 -1 26 64 32 32 38 57 90 -1 62 45 64 25 -1 12 70 93 97 57 62 
