-1 79 5 79 2 12 69 14 89 77 96 43 12 48 94 69 83 19 2 11 99 96 26 60 18 4 78 31 80 38 57 14 5 1 11 37 76 44 96 1 8 75 18 54 76 50 45 17 64 15 
79 -1 43 13 10 100 19 10 18 87 32 28 21 67 38 96 70 85 64 35 43 93 18 22 62 35 38 18 96 11 78 91 7 9 35 88 59 47 67 97 94 18 97 46 77 30 98 8 73 22 
5 43 -1 72 86 87 6 86 49 77 60 78 2 94 4 20 64 16 25 54 39 38 36 39 10 17 99 30 22 71 1 57 97 70 64 97 70 27 28 38 10 3 55 30 66 78 68 66 48 25 
79 13 72 -1 96 1 84 96 20 3 35 91 90 84 97 19 66 75 89 96 19 32 48 99 88 53 69 65 82 45 41 59 28 1 3 81 59 4 86 68 79 36 44 53 17 71 81 9 94 41 
2 10 86 96 -1 89 8 20 91 48 96 21 93 83 33 42 10 24 18 35 62 38 44 2 20 63 66 5 60 47 23 57 53 73 95 41 67 84 67 84 14 74 43 28 66 93 53 7 83 5 
12 100 87 1 89 -1 36 65 80 14 81 96 53 70 96 68 97 2 63 5 5 28 32 3 13 67 36 89 10 7 84 18 65 100 90 13 52 14 44 86 91 84 34 78 32 99 51 4 2 61 
69 19 6 84 8 36 -1 77 19 50 54 77 47 13 46 99 96 65 43 93 86 29 70 57 35 36 15 28 63 86 46 16 25 86 72 95 15 43 56 63 44 30 90 15 21 41 77 99 12 36 
14 10 86 96 20 65 77 -1 47 51 32 10 56 61 40 12 41 33 23 56 67 64 66 60 30 89 64 82 94 37 59 83 52 46 97 8 11 71 97 14 71 52 89 64 11 65 72 72 66 66 
89 18 49 20 91 80 19 47 -1 27 35 94 16 73 92 88 17 12 40 14 63 78 7 92 32 2 12 34 62 46 46 11 50 17 79 41 19 88 57 63 37 83 67 86 24 26 93 21 51 10 
77 87 77 3 48 14 50 51 27 -1 38 26 88 3 59 74 29 8 22 11 76 63 24 27 81 36 47 93 72 16 99 87 14 42 41 60 2 40 84 94 25 52 51 97 52 18 80 55 37 8 
96 32 60 35 96 81 54 32 35 38 -1 82 29 77 10 40 53 64 35 1 17 66 68 29 76 82 35 96 26 52 7 9 74 83 97 83 79 47 5 27 21 6 79 24 39 36 42 11 33 25 
43 28 78 91 21 96 77 10 94 26 82 -1 12 83 17 13 36 17 23 64 67 14 56 34 75 35 83 86 55 72 52 3 88 39 20 24 61 6 1 44 29 72 28 83 11 79 33 32 72 63 
12 21 2 90 93 53 47 56 16 88 29 12 -1 54 80 35 90 68 38 46 22 20 25 95 36 82 94 78 68 82 15 52 17 2 74 24 31 53 3 100 3 80 95 51 72 88 92 43 100 11 
48 67 94 84 83 70 13 61 73 3 77 83 54 -1 37 77 4 59 42 4 40 5 52 75 45 7 68 23 30 40 100 79 96 17 28 2 91 70 34 53 22 79 68 36 94 8 48 41 72 45 
94 38 4 97 33 96 46 40 92 59 10 17 80 37 -1 21 64 77 13 41 96 91 70 6 61 98 42 71 28 59 18 87 41 30 23 56 10 65 41 89 54 64 26 40 79 15 44 7 35 46 
69 96 20 19 42 68 99 12 88 74 40 13 35 77 21 -1 59 13 70 73 99 14 13 77 67 19 14 34 61 13 81 37 34 6 20 64 3 79 20 89 45 90 75 68 96 16 9 24 59 52 
83 70 64 66 10 97 96 41 17 29 53 36 90 4 64 59 -1 66 89 68 29 51 44 46 80 30 77 40 75 36 100 53 51 86 32 51 23 34 69 27 55 52 35 99 12 53 71 91 89 70 
19 85 16 75 24 2 65 33 12 8 64 17 68 59 77 13 66 -1 19 31 7 48 32 57 71 80 49 78 41 86 11 37 56 50 41 13 3 88 30 4 16 89 67 67 69 49 93 51 60 25 
2 64 25 89 18 63 43 23 40 22 35 23 38 42 13 70 89 19 -1 54 71 12 97 15 99 30 56 6 77 71 4 12 39 13 55 56 95 10 41 39 6 54 8 62 30 76 2 34 58 94 
11 35 54 96 35 5 93 56 14 11 1 64 46 4 41 73 68 31 54 -1 98 75 35 48 7 92 6 77 74 69 66 64 82 18 66 8 4 49 24 58 77 52 8 8 65 66 80 92 24 27 
99 43 39 19 62 5 86 67 63 76 17 67 22 40 96 99 29 7 71 98 -1 88 68 75 83 90 4 75 26 64 80 36 32 34 61 42 19 61 91 36 23 19 45 54 10 26 28 18 12 30 
96 93 38 32 38 28 29 64 78 63 66 14 20 5 91 14 51 48 12 75 88 -1 32 3 44 43 68 45 12 94 37 9 45 93 69 3 75 49 28 86 8 80 23 64 4 35 59 55 30 7 
26 18 36 48 44 32 70 66 7 24 68 56 25 52 70 13 44 32 97 35 68 32 -1 76 58 37 96 44 73 35 73 18 41 100 60 98 70 47 77 13 97 50 23 16 48 6 80 100 77 12 
60 22 39 99 2 3 57 60 92 27 29 34 95 75 6 77 46 57 15 48 75 3 76 -1 27 74 14 14 12 96 32 94 83 39 30 67 63 69 96 45 37 82 63 97 78 47 23 77 85 72 
18 62 10 88 20 13 35 30 32 81 76 75 36 45 61 67 80 71 99 7 83 44 58 27 -1 68 80 18 70 78 76 40 75 16 94 99 73 46 43 7 31 24 64 46 61 58 87 14 96 8 
4 35 17 53 63 67 36 89 2 36 82 35 82 7 98 19 30 80 30 92 90 43 37 74 68 -1 59 47 75 98 100 16 39 40 42 100 93 11 30 91 52 98 1 67 39 64 90 16 14 13 
78 38 99 69 66 36 15 64 12 47 35 83 94 68 42 14 77 49 56 6 4 68 96 14 80 59 -1 50 89 52 72 88 60 22 93 62 54 82 8 53 56 70 17 24 1 66 67 47 2 36 
31 18 30 65 5 89 28 82 34 93 96 86 78 23 71 34 40 78 6 77 75 45 44 14 18 47 50 -1 14 64 51 81 39 43 8 53 43 97 50 29 22 21 31 82 6 42 45 44 30 42 
80 96 22 82 60 10 63 94 62 72 26 55 68 30 28 61 75 41 77 74 26 12 73 12 70 75 89 14 -1 49 57 79 41 2 48 47 4 81 70 26 94 12 79 9 21 32 18 16 93 26 
38 11 71 45 47 7 86 37 46 16 52 72 82 40 59 13 36 86 71 69 64 94 35 96 78 98 52 64 49 -1 37 49 70 62 30 25 29 98 87 61 1 10 36 41 17 60 54 13 37 51 
57 78 1 41 23 84 46 59 46 99 7 52 15 100 18 81 100 11 4 66 80 37 73 32 76 100 72 51 57 37 -1 88 8 6 24 14 61 3 56 19 6 23 34 31 21 64 62 14 96 77 
14 91 57 59 57 18 16 83 11 87 9 3 52 79 87 37 53 37 12 64 36 9 18 94 40 16 88 81 79 49 88 -1 49 67 60 39 89 36 24 3 43 43 70 47 11 34 83 77 25 24 
5 7 97 28 53 65 25 52 50 14 74 88 17 96 41 34 51 56 39 82 32 45 41 83 75 39 60 39 41 70 8 49 -1 80 40 18 38 13 73 26 2 44 30 73 34 18 88 24 72 55 
1 9 70 1 73 100 86 46 17 42 83 39 2 17 30 6 86 50 13 18 34 93 100 39 16 40 22 43 2 62 6 67 80 -1 6 30 42 36 45 89 37 74 24 99 41 54 53 12 33 38 
11 35 64 3 95 90 72 97 79 41 97 20 74 28 23 20 32 41 55 66 61 69 60 30 94 42 93 8 48 30 24 60 40 6 -1 6 35 78 34 73 1 54 72 65 29 61 43 42 66 71 
37 88 97 81 41 13 95 8 41 60 83 24 24 2 56 64 51 13 56 8 42 3 98 67 99 100 62 53 47 25 14 39 18 30 6 -1 70 17 62 69 73 15 63 17 38 85 55 54 89 47 
76 59 70 59 67 52 15 11 19 2 79 61 31 91 10 3 23 3 95 4 19 75 70 63 73 93 54 43 4 29 61 89 38 42 35 70 -1 11 96 93 96 38 58 93 36 96 88 56 3 13 
44 47 27 4 84 14 43 71 88 40 47 6 53 70 65 79 34 88 10 49 61 49 47 69 46 11 82 97 81 98 3 36 13 36 78 17 11 -1 58 85 11 47 80 63 98 50 92 3 43 67 
96 67 28 86 67 44 56 97 57 84 5 1 3 34 41 20 69 30 41 24 91 28 77 96 43 30 8 50 70 87 56 24 73 45 34 62 96 58 -1 37 61 92 3 77 69 20 61 8 86 23 
1 97 38 68 84 86 63 14 63 94 27 44 100 53 89 89 27 4 39 58 36 86 13 45 7 91 53 29 26 61 19 3 26 89 73 69 93 85 37 -1 71 16 95 28 72 63 53 34 79 16 
8 94 10 79 14 91 44 71 37 25 21 29 3 22 54 45 55 16 6 77 23 8 97 37 31 52 56 22 94 1 6 43 2 37 1 73 96 11 61 71 -1 92 79 38 8 88 7 81 12 93 
75 18 3 36 74 84 30 52 83 52 6 72 80 79 64 90 52 89 54 52 19 80 50 82 24 98 70 21 12 10 23 43 44 74 54 15 38 47 92 16 92 -1 2 89 97 9 25 47 48 35 
18 97 55 44 43 34 90 89 67 51 79 28 95 68 26 75 35 67 8 8 45 23 23 63 64 1 17 31 79 36 34 70 30 24 72 63 58 80 3 95 79 2 -1 71 36 67 96 11 55 39 
54 46 30 53 28 78 15 64 86 97 24 83 51 36 40 68 99 67 62 8 54 64 16 97 46 67 24 82 9 41 31 47 73 99 65 17 93 63 77 28 38 89 71 -1 87 17 11 64 72 70 
76 77 66 17 66 32 21 11 24 52 39 11 72 94 79 96 12 69 30 65 10 4 48 78 61 39 1 6 21 17 21 11 34 41 29 38 36 98 69 72 8 97 36 87 -1 44 57 6 49 56 
50 30 78 71 93 99 41 65 26 18 36 79 88 8 15 16 53 49 76 66 26 35 6 47 58 64 66 42 32 60 64 34 18 54 61 85 96 50 20 63 88 9 67 17 44 -1 35 92 95 97 
45 98 68 81 53 51 77 72 93 80 42 33 92 48 44 9 71 93 2 80 28 59 80 23 87 90 67 45 18 54 62 83 88 53 43 55 88 92 61 53 7 25 96 11 57 35 -1 98 75 18 
17 8 66 9 7 4 99 72 21 55 11 32 43 41 7 24 91 51 34 92 18 55 100 77 14 16 47 44 16 13 14 77 24 12 42 54 56 3 8 34 81 47 11 64 6 92 98 -1 66 23 
64 73 48 94 83 2 12 66 51 37 33 72 100 72 35 59 89 60 58 24 12 30 77 85 96 14 2 30 93 37 96 25 72 33 66 89 3 43 86 79 12 48 55 72 49 95 75 66 -1 45 
15 22 25 41 5 61 36 66 10 8 25 63 11 45 46 52 70 25 94 27 30 7 12 72 8 13 36 42 26 51 77 24 55 38 71 47 13 67 23 16 93 35 39 70 56 97 18 23 45 -1 
